Parent          Child initial           Child Parented
20              100                     500
40              100                     250
60              100                     166.7
80              100                     125                    
100             100                     100
120             100                     83.3
140             100                     71.4 
160             100                     62.5    
180             100                     55.6
200             100                     50
20              80                      400
40              80                      200
60              80                      133.3
80              80                      100                    
100             80                      80
120             80                      66.7
140             80                      57.1 
160             80                      50    
180             80                      44.4
200             80                      40